[pk_to_xi]
b1E_bin1=0.0 1.3848850293899444 4.0
b2E_bin1=-5.0 0.0554863414599977 5.0
b1E_bin2=0.0 1.4325550216315344 4.0
b2E_bin2=-5.0 0.15655541801620562 5.0
b1E_bin3=0.0 1.557122472799171 4.0
b2E_bin3=-5.0 0.21403674350409543 5.0
b1E_bin4=0.0 1.8177591949456122 4.0
b2E_bin4=-5.0 0.5070993543581124 5.0
b1E_bin5=0.0 2.4197471830035955 4.0
b2E_bin5=-5.0 1.1396069563358795 5.0
bkE_bin1=0.0
bkE_bin2=0.0
bkE_bin3=0.0
bkE_bin4=0.0
bkE_bin5=0.0

