[pk_to_xi]
b1E_bin1=1.399622272288406
b2E_bin1=0.1955871739301518
b1E_bin2=1.4326603886709701
b2E_bin2=0.227835547368473
b1E_bin3=1.5603337370797719
b2E_bin3=0.18652058192134824
b1E_bin4=1.8344854996365838
b2E_bin4=0.40908705952734614
b1E_bin5=2.430119769271293
b2E_bin5=0.7740789658423815
bkE_bin1=0.0
bkE_bin2=0.0
bkE_bin3=0.0
bkE_bin4=0.0
bkE_bin5=0.0



[stat_results]
chi2=42.456
reduced_chi2=0.531
n_datapoints=90
n_variables=10
