[pk_to_xi]
b1E_bin1=1.428917253952239
b2E_bin1=-0.04832374998076716
b1E_bin2=1.4274436700407758
b2E_bin2=0.14489327898006632
b1E_bin3=1.5600069208854517
b2E_bin3=0.20146105088511224
b1E_bin4=1.8384505353773775
b2E_bin4=0.39849693414689114
b1E_bin5=2.437845945636594
b2E_bin5=0.9940230035488176
bkE_bin1=0.0
bkE_bin2=0.0
bkE_bin3=0.0
bkE_bin4=0.0
bkE_bin5=0.0



[stat_results]
chi2=148.486
reduced_chi2=1.35
n_datapoints=120
n_variables=10
