[pk_to_xi]
b1E_bin1=1.4244014052832485
b2E_bin1=0.06659519257463486
bsE_bin1=0.4891359856481259
b1E_bin2=1.4237800488795727
b2E_bin2=0.12161912817995368
bsE_bin2=-0.42352961625829444
b1E_bin3=1.5600038181083815
b2E_bin3=0.19815432261948907
bsE_bin3=-0.14930446916167384
b1E_bin4=1.8352136939124002
b2E_bin4=0.37305604217191846
bsE_bin4=-0.7590565953139006
b1E_bin5=2.4265492153432606
b2E_bin5=0.8884130133705455
bsE_bin5=-1.7085350367685281
bkE_bin1=0.0
bkE_bin2=0.0
bkE_bin3=0.0
bkE_bin4=0.0
bkE_bin5=0.0



[stat_results]
chi2=141.92
reduced_chi2=1.352
n_datapoints=120
n_variables=15
