[pk_to_xi]
b1E_bin1=1.4091349557447883
b2E_bin1=-0.34415679560714896
b1E_bin2=1.4260601659721044
b2E_bin2=0.230513056379678
b1E_bin3=1.5589105668843963
b2E_bin3=0.0723064614852813
b1E_bin4=1.8378110777784478
b2E_bin4=0.1122908390755537
b1E_bin5=2.4370972212854705
b2E_bin5=0.5782358879507541
bkE_bin1=0.0
bkE_bin2=0.0
bkE_bin3=0.0
bkE_bin4=0.0
bkE_bin5=0.0



[stat_results]
chi2=110.249
reduced_chi2=1.378
n_datapoints=90
n_variables=10
