[pk_to_xi]
b1E_bin1=1.4012893451234567
b2E_bin1=-0.38647123891207613
b1E_bin2=1.42799893119243
b2E_bin2=0.2449918891201497
b1E_bin3=1.563422012882294
b2E_bin3=0.1097444352006729
b1E_bin4=1.8342025713256596
b2E_bin4=0.27926446265953686
b1E_bin5=2.4305672832585508
b2E_bin5=0.8673534553205888
bkE_bin1=0.0
bkE_bin2=0.0
bkE_bin3=0.0
bkE_bin4=0.0
bkE_bin5=0.0



[stat_results]
chi2=82.43
reduced_chi2=1.03
n_datapoints=90
n_variables=10
