[pk_to_xi]
b1E_bin1=1.4119602778664841
b2E_bin1=-0.299125820054039
b1E_bin2=1.4357938119394362
b2E_bin2=0.18006627080709947
b1E_bin3=1.5533665235001417
b2E_bin3=0.10772660020586411
b1E_bin4=1.83559605578925
b2E_bin4=-0.02924172629030597
b1E_bin5=2.4307435558510537
b2E_bin5=0.5281206627161605
bkE_bin1=0.0
bkE_bin2=0.0
bkE_bin3=0.0
bkE_bin4=0.0
bkE_bin5=0.0



[stat_results]
chi2=110.902
reduced_chi2=1.386
n_datapoints=90
n_variables=10
