[pk_to_xi]
b1E_bin1=1.4117845736465346
b2E_bin1=-0.16794950381047524
bsE_bin1=-0.6793941829131702
b3nlE_bin1=-0.031079125799221785
b1E_bin2=1.40626120897512
b2E_bin2=-0.08970564252969204
bsE_bin2=0.6359554939247083
b3nlE_bin2=1.6939201526540622
b1E_bin3=1.551792942426652
b2E_bin3=0.1333245772161673
bsE_bin3=0.14297838807297758
b3nlE_bin3=0.8255196921209471
b1E_bin4=1.8236505103719782
b2E_bin4=-0.06097066698852771
bsE_bin4=0.20351440514445152
b3nlE_bin4=1.9143426804677652
b1E_bin5=2.434980180944266
b2E_bin5=0.990039981106877
bsE_bin5=-1.624418444819275
b3nlE_bin5=1.1585400563248118
bkE_bin1=0.0
bkE_bin2=0.0
bkE_bin3=0.0
bkE_bin4=0.0
bkE_bin5=0.0



[stat_results]
chi2=102.781
reduced_chi2=1.468
n_datapoints=90
n_variables=20
