[pk_to_xi]
b1E_bin1=1.416600787353382
b2E_bin1=0.0531383003913426
bsE_bin1=0.8018734498746074
b1E_bin2=1.416096549748905
b2E_bin2=0.13021444707803198
bsE_bin2=-0.7368947790530749
b1E_bin3=1.5569071591699635
b2E_bin3=0.06228208454547257
bsE_bin3=-0.5743064813992333
b1E_bin4=1.8366871590626301
b2E_bin4=0.3196081079729032
bsE_bin4=-0.28824675583978454
b1E_bin5=2.42835337903492
b2E_bin5=0.48377635887302084
bsE_bin5=-0.8318753822337035
bkE_bin1=0.0
bkE_bin2=0.0
bkE_bin3=0.0
bkE_bin4=0.0
bkE_bin5=0.0



[stat_results]
chi2=105.425
reduced_chi2=1.406
n_datapoints=90
n_variables=15
