[pk_to_xi]
b1E_bin1=1.400272786504563
b2E_bin1=0.09710503460276243
b1E_bin2=1.4310237646727568
b2E_bin2=0.15872574517770932
b1E_bin3=1.5617530800395039
b2E_bin3=0.1974612526279369
b1E_bin4=1.8348100452305673
b2E_bin4=0.43589281623873877
b1E_bin5=2.427824600312342
b2E_bin5=1.018120694176491
bkE_bin1=0.0
bkE_bin2=0.0
bkE_bin3=0.0
bkE_bin4=0.0
bkE_bin5=0.0



[stat_results]
chi2=53.535
reduced_chi2=0.487
n_datapoints=120
n_variables=10
