[pk_to_xi]
b1E_bin1=1.4203451402854803
b2E_bin1=-0.04973369517852966
b3nlE_bin1=0.6158359661160073
b1E_bin2=1.4123045602543536
b2E_bin2=-0.023025313956120286
b3nlE_bin2=1.2231669395397873
b1E_bin3=1.5438100808304733
b2E_bin3=-0.02063237349332603
b3nlE_bin3=1.533838306104613
b1E_bin4=1.8320770250716003
b2E_bin4=0.3503941991468569
b3nlE_bin4=1.2935739937167714
b1E_bin5=2.4261476708334953
b2E_bin5=0.9394427285517519
b3nlE_bin5=2.1197578610474626
bkE_bin1=0.0
bkE_bin2=0.0
bkE_bin3=0.0
bkE_bin4=0.0
bkE_bin5=0.0



[stat_results]
chi2=143.57
reduced_chi2=1.367
n_datapoints=120
n_variables=15
