[pk_to_xi]
b1E_bin1=1.400711609733174
b2E_bin1=-0.30874271479021953
b3nlE_bin1=0.7702642386417935
b1E_bin2=1.4061175691029595
b2E_bin2=-0.08692928231833541
b3nlE_bin2=1.428247626615926
b1E_bin3=1.5463956991614305
b2E_bin3=0.012966465387015624
b3nlE_bin3=1.080900437852053
b1E_bin4=1.8288773432245091
b2E_bin4=-0.013180625412885227
b3nlE_bin4=1.5503028108222452
b1E_bin5=2.445317744867118
b2E_bin5=0.5971519647140298
b3nlE_bin5=0.9257034265796609
bkE_bin1=0.0
bkE_bin2=0.0
bkE_bin3=0.0
bkE_bin4=0.0
bkE_bin5=0.0



[stat_results]
chi2=106.619
reduced_chi2=1.422
n_datapoints=90
n_variables=15
