[pk_to_xi]
b1E_bin1=1.4232359517154394
b2E_bin1=-0.016901945620646508
b1E_bin2=1.4351938601963725
b2E_bin2=0.12142959533448927
b1E_bin3=1.554389682942775
b2E_bin3=0.18266329556301475
b1E_bin4=1.841951463701399
b2E_bin4=0.3433827244873964
b1E_bin5=2.4415901535765143
b2E_bin5=1.0011666911729726
bkE_bin1=0.0
bkE_bin2=0.0
bkE_bin3=0.0
bkE_bin4=0.0
bkE_bin5=0.0



[stat_results]
chi2=190.912
reduced_chi2=1.736
n_datapoints=120
n_variables=10
