[pk_to_xi]
b1E_bin1=1.4223600823175537
b2E_bin1=0.08401946627344525
bsE_bin1=0.5138147272512015
b3nlE_bin1=0.4660730077821231
b1E_bin2=1.4213594755962498
b2E_bin2=0.06760821342334111
bsE_bin2=-0.25736295514959817
b3nlE_bin2=0.7681389885128773
b1E_bin3=1.554110160587372
b2E_bin3=0.12258919198140728
bsE_bin3=-0.19703627239353416
b3nlE_bin3=0.9454800994018484
b1E_bin4=1.835198601097465
b2E_bin4=0.3805967060988147
bsE_bin4=-0.6262839918880116
b3nlE_bin4=1.0820377665491616
b1E_bin5=2.4195067636677106
b2E_bin5=0.8765923416235726
bsE_bin5=-1.4993183008656121
b3nlE_bin5=2.1035298914783365
bkE_bin1=0.0
bkE_bin2=0.0
bkE_bin3=0.0
bkE_bin4=0.0
bkE_bin5=0.0



[stat_results]
chi2=136.528
reduced_chi2=1.365
n_datapoints=120
n_variables=20
