[pk_to_xi]
b1E_bin1=1.4171131401481176
b2E_bin1=0.027229115744827226
b1E_bin2=1.436140794093085
b2E_bin2=0.15031227162878125
b1E_bin3=1.5624562847815828
b2E_bin3=0.1527736165716762
b1E_bin4=1.8411910015538193
b2E_bin4=0.34511122391214766
b1E_bin5=2.424388289590252
b2E_bin5=0.9755679495862681
bkE_bin1=0.0
bkE_bin2=0.0
bkE_bin3=0.0
bkE_bin4=0.0
bkE_bin5=0.0



[stat_results]
chi2=110.484
reduced_chi2=1.004
n_datapoints=120
n_variables=10
