[pk_to_xi]
b1E_bin1=1.578599483515461
b2E_bin1=-0.6575625588784462
b1E_bin2=1.7109115042747698
b2E_bin2=-0.30590060926425977
b1E_bin3=1.9274255977456665
b2E_bin3=0.23671151251165146
b1E_bin4=2.119239272688277
b2E_bin4=0.8069943250906721
b1E_bin5=2.3686758722307726
b2E_bin5=1.1183690284415047
bkE_bin1=0.0
bkE_bin2=0.0
bkE_bin3=0.0
bkE_bin4=0.0
bkE_bin5=0.0



[stat_results]
chi2=82.076
reduced_chi2=1.026
n_datapoints=90
n_variables=10
