[pk_to_xi]
b1E_bin1=1.1817366635898547
b2E_bin1=-0.7937544492651423
b1E_bin2=1.2963094814837652
b2E_bin2=-0.5601038320456366
b1E_bin3=1.4418077048645057
b2E_bin3=-0.4563709989980138
b1E_bin4=1.575431609036514
b2E_bin4=-0.5373233153020776
b1E_bin5=1.7375499690115375
b2E_bin5=-0.7206265070470321
bkE_bin1=0.0
bkE_bin2=0.0
bkE_bin3=0.0
bkE_bin4=0.0
bkE_bin5=0.0



[stat_results]
chi2=88.892
reduced_chi2=1.111
n_datapoints=90
n_variables=10
