[pk_to_xi]
b1E_bin1=2.141111650366285
b2E_bin1=-0.08489927402612008
b1E_bin2=2.403195631696013
b2E_bin2=0.6589910010787339
b1E_bin3=2.7178187843666155
b2E_bin3=1.1726335243024586
b1E_bin4=3.0242327763720622
b2E_bin4=1.889592211662535
b1E_bin5=3.3970075800509303
b2E_bin5=2.9501027004437947
bkE_bin1=0.0
bkE_bin2=0.0
bkE_bin3=0.0
bkE_bin4=0.0
bkE_bin5=0.0



[stat_results]
chi2=97.275
reduced_chi2=1.216
n_datapoints=90
n_variables=10
