[pk_to_xi]
b1E_bin1=1.5938285025378514
b2E_bin1=-0.13218626015370916
b1E_bin2=1.7043114607595409
b2E_bin2=0.24027017408577134
b1E_bin3=1.9210049808864986
b2E_bin3=0.41736108479073497
b1E_bin4=2.127599592966298
b2E_bin4=0.642441560616235
b1E_bin5=2.3661624092940565
b2E_bin5=1.0705881594108142
bkE_bin1=0.0
bkE_bin2=0.0
bkE_bin3=0.0
bkE_bin4=0.0
bkE_bin5=0.0



[stat_results]
chi2=248.366
reduced_chi2=2.258
n_datapoints=120
n_variables=10
