[pk_to_xi]
b1E_bin1=1.576428916962913
b2E_bin1=0.1509262718631792
bsE_bin1=1.5451168179820556
b3nlE_bin1=0.9166669833863104
b1E_bin2=1.7012702223100142
b2E_bin2=-0.35249316197583713
bsE_bin2=-0.31904725558122315
b3nlE_bin2=1.241388211643617
b1E_bin3=1.9441355433770133
b2E_bin3=0.5075166162965381
bsE_bin3=-0.9332545194720279
b3nlE_bin3=-0.33161072661428026
b1E_bin4=2.118758869333161
b2E_bin4=0.19566313636517485
bsE_bin4=0.9597467840734701
b3nlE_bin4=1.9370452258849529
b1E_bin5=2.4007584452267254
b2E_bin5=1.0392950937774872
bsE_bin5=-1.5385544423817477
b3nlE_bin5=-0.3067226286261526
bkE_bin1=0.0
bkE_bin2=0.0
bkE_bin3=0.0
bkE_bin4=0.0
bkE_bin5=0.0



[stat_results]
chi2=72.891
reduced_chi2=1.041
n_datapoints=90
n_variables=20
