[pk_to_xi]
b1E_bin1=2.1779423037802133
b2E_bin1=0.4910605306492588
b1E_bin2=2.395511160284414
b2E_bin2=0.17017229302837666
b1E_bin3=2.714768915373752
b2E_bin3=0.5474774465179735
b1E_bin4=3.016594608832862
b2E_bin4=1.8183610699221742
b1E_bin5=3.3671704747262323
b2E_bin5=2.9873598836731734
bkE_bin1=0.0
bkE_bin2=0.0
bkE_bin3=0.0
bkE_bin4=0.0
bkE_bin5=0.0



[stat_results]
chi2=181.329
reduced_chi2=1.648
n_datapoints=120
n_variables=10
