[pk_to_xi]
b1E_bin1=1.022374869255708
b2E_bin1=-0.29708217931035374
b1E_bin2=1.1045114168490162
b2E_bin2=-0.3401402267252065
b1E_bin3=1.1805468762930218
b2E_bin3=-0.4009249460648139
b1E_bin4=1.2794352430747393
b2E_bin4=-0.4093226050850225
b1E_bin5=1.397440228287211
b2E_bin5=-0.36942592156225107
bkE_bin1=0.0
bkE_bin2=0.0
bkE_bin3=0.0
bkE_bin4=0.0
bkE_bin5=0.0



[stat_results]
chi2=532.807
reduced_chi2=4.844
n_datapoints=120
n_variables=10
