[pk_to_xi]
b1E_bin1=1.5848108856193999
b2E_bin1=-0.3464084754201222
b1E_bin2=1.6700000325729212
b2E_bin2=0.08855288904771719
b1E_bin3=1.9324778465278307
b2E_bin3=0.2349978272847082
b1E_bin4=2.1274428909193133
b2E_bin4=0.3319521719708929
b1E_bin5=2.3492016949087637
b2E_bin5=0.6340176613446395
bkE_bin1=0.0
bkE_bin2=0.0
bkE_bin3=0.0
bkE_bin4=0.0
bkE_bin5=0.0



[stat_results]
chi2=147.49
reduced_chi2=1.341
n_datapoints=120
n_variables=10
