[pk_to_xi]
b1E_bin1=3.178317078393691
b2E_bin1=3.0183185236581807
b1E_bin2=3.556914254571133
b2E_bin2=3.429749509149689
b1E_bin3=4.067533581573096
b2E_bin3=3.4694174534408333
b1E_bin4=4.515690564093921
b2E_bin4=7.658059439868028
b1E_bin5=5.075515546510658
b2E_bin5=8.998377554928394
bkE_bin1=0.0
bkE_bin2=0.0
bkE_bin3=0.0
bkE_bin4=0.0
bkE_bin5=0.0



[stat_results]
chi2=83.211
reduced_chi2=1.04
n_datapoints=90
n_variables=10
