[pk_to_xi]
b1E_bin1=2.104354356696937
b2E_bin1=-1.0896731356080114
bsE_bin1=2.3722683587226427
b3nlE_bin1=5.044681996741907
b1E_bin2=2.3787516566036535
b2E_bin2=-0.7726181371083847
bsE_bin2=-0.10646925928523743
b3nlE_bin2=3.0845195100795344
b1E_bin3=2.618760991453735
b2E_bin3=-1.60619789396495
bsE_bin3=1.777084155440738
b3nlE_bin3=7.869899230265567
b1E_bin4=3.072947251861395
b2E_bin4=2.2947231404651465
bsE_bin4=-6.608602420729886
b3nlE_bin4=-1.9317837994724822
b1E_bin5=3.374037564751569
b2E_bin5=1.4365783830711942
bsE_bin5=1.8693764644562645
b3nlE_bin5=5.861237284168785
bkE_bin1=0.0
bkE_bin2=0.0
bkE_bin3=0.0
bkE_bin4=0.0
bkE_bin5=0.0



[stat_results]
chi2=65.946
reduced_chi2=0.942
n_datapoints=90
n_variables=20
