[pk_to_xi]
b1E_bin1=1.5243236758521141
b2E_bin1=-0.6936323913696771
b3nlE_bin1=1.7918407356438486
b1E_bin2=1.6965869177978017
b2E_bin2=-0.2912150002655647
b3nlE_bin2=0.8466981593137621
b1E_bin3=1.9277245459251835
b2E_bin3=0.3648240252530721
b3nlE_bin3=0.04883282525656796
b1E_bin4=2.0944287752276356
b2E_bin4=-0.4352207092332341
b3nlE_bin4=2.538637272457091
b1E_bin5=2.384946770149048
b2E_bin5=0.9055413899245179
b3nlE_bin5=1.0322601043533304
bkE_bin1=0.0
bkE_bin2=0.0
bkE_bin3=0.0
bkE_bin4=0.0
bkE_bin5=0.0



[stat_results]
chi2=76.081
reduced_chi2=1.014
n_datapoints=90
n_variables=15
