[pk_to_xi]
b1E_bin1=1.0324813887404398
b2E_bin1=0.21294308103992954
b1E_bin2=1.0975315460752717
b2E_bin2=0.2727478289131957
b1E_bin3=1.1885007445494682
b2E_bin3=0.199837325505551
b1E_bin4=1.277193662495606
b2E_bin4=0.31004046082768877
b1E_bin5=1.3861236707476146
b2E_bin5=0.48285314072686525
bkE_bin1=0.0
bkE_bin2=0.0
bkE_bin3=0.0
bkE_bin4=0.0
bkE_bin5=0.0



[stat_results]
chi2=463.982
reduced_chi2=5.8
n_datapoints=90
n_variables=10
