[pk_to_xi]
b1E_bin1=1.0215197352363279
b1E_bin2=1.085739205836516
b1E_bin3=1.1738180290511144
b1E_bin4=1.2627287190773655
b1E_bin5=1.384447091187459
bkE_bin1=0.0
bkE_bin2=0.0
bkE_bin3=0.0
bkE_bin4=0.0
bkE_bin5=0.0



[stat_results]
chi2=237.338
reduced_chi2=2.792
n_datapoints=90
n_variables=5
