[pk_to_xi]
b1E_bin1=0.990528987697967
b2E_bin1=-0.5425059258948037
b1E_bin2=1.078802977051426
b2E_bin2=-0.49568577268307124
b1E_bin3=1.157363634526868
b2E_bin3=-0.7076094464776022
b1E_bin4=1.2547258114691093
b2E_bin4=-0.6567734508066811
b1E_bin5=1.3781845587282224
b2E_bin5=-0.6413141617454396
bkE_bin1=0.0
bkE_bin2=0.0
bkE_bin3=0.0
bkE_bin4=0.0
bkE_bin5=0.0



[stat_results]
chi2=87.919
reduced_chi2=1.099
n_datapoints=90
n_variables=10
