[pk_to_xi]
b1E_bin1=1.574259604046377
b2E_bin1=-0.6478261417165232
b1E_bin2=1.6950022182294373
b2E_bin2=-0.24702062687504878
b1E_bin3=1.9201432801680494
b2E_bin3=0.2640117747906201
b1E_bin4=2.118044941029916
b2E_bin4=0.6927582059134902
b1E_bin5=2.3775759762364634
b2E_bin5=0.7996923995617964
bkE_bin1=0.0
bkE_bin2=0.0
bkE_bin3=0.0
bkE_bin4=0.0
bkE_bin5=0.0



[stat_results]
chi2=83.462
reduced_chi2=1.043
n_datapoints=90
n_variables=10
