[pk_to_xi]
b1E_bin1=1.2636145466421773
b2E_bin1=-0.3511834164912786
b1E_bin2=1.3525110583855087
b2E_bin2=-0.3040015995167611
b1E_bin3=1.4891518762334435
b2E_bin3=0.16937428166825175
b1E_bin4=1.5930064269357584
b2E_bin4=0.3105633753083028
b1E_bin5=1.7563207351361663
b2E_bin5=0.5030946711407225
bkE_bin1=0.0
bkE_bin2=0.0
bkE_bin3=0.0
bkE_bin4=0.0
bkE_bin5=0.0



[stat_results]
chi2=1019.878
reduced_chi2=9.272
n_datapoints=120
n_variables=10
