[pk_to_xi]
b1E_bin1=1.0097959729184645
b2E_bin1=-0.6145801190372158
b1E_bin2=1.0749666591501543
b2E_bin2=-0.5866659380486565
b1E_bin3=1.164018134725335
b2E_bin3=-0.6347409187177302
b1E_bin4=1.2569152093028784
b2E_bin4=-0.6817597245987672
b1E_bin5=1.377764234341093
b2E_bin5=-0.6829622459688585
bkE_bin1=0.0
bkE_bin2=0.0
bkE_bin3=0.0
bkE_bin4=0.0
bkE_bin5=0.0



[stat_results]
chi2=197.296
reduced_chi2=2.466
n_datapoints=90
n_variables=10
