[pk_to_xi]
b1E_bin1=1.2061012804848468
b2E_bin1=-0.5938832966406418
b1E_bin2=1.2979735590728532
b2E_bin2=-0.6675979928758125
b1E_bin3=1.4385559675405306
b2E_bin3=-0.7169971662520727
b1E_bin4=1.570898985714149
b2E_bin4=-0.7179758587803615
b1E_bin5=1.7489465274500628
b2E_bin5=0.7573860777781558
bkE_bin1=0.0
bkE_bin2=0.0
bkE_bin3=0.0
bkE_bin4=0.0
bkE_bin5=0.0



[stat_results]
chi2=165.071
reduced_chi2=2.063
n_datapoints=90
n_variables=10
