[pk_to_xi]
b1E_bin1=1.2148981498182585
b2E_bin1=-0.2721436906519372
b1E_bin2=1.3134010840284358
b2E_bin2=-0.22207686178130714
b1E_bin3=1.4423056996685046
b2E_bin3=0.0261915211807473
b1E_bin4=1.5919637693350945
b2E_bin4=-0.2802255013562869
b1E_bin5=1.7448566017422804
b2E_bin5=0.25867327826745345
bkE_bin1=0.0
bkE_bin2=0.0
bkE_bin3=0.0
bkE_bin4=0.0
bkE_bin5=0.0



[stat_results]
chi2=207.644
reduced_chi2=1.888
n_datapoints=120
n_variables=10
