[pk_to_xi]
b1E_bin1=2.1816133555674533
b2E_bin1=0.7077931556099326
b3nlE_bin1=-0.4244957808311458
b1E_bin2=2.3829795234680997
b2E_bin2=-0.5557153435370958
b3nlE_bin2=3.052493334924767
b1E_bin3=2.705521930511068
b2E_bin3=-0.22630143779954714
b3nlE_bin3=3.911100290553968
b1E_bin4=3.031676045276801
b2E_bin4=2.0684314726258535
b3nlE_bin4=0.7192101278960692
b1E_bin5=3.446008494038633
b2E_bin5=3.189419819525961
b3nlE_bin5=0.18068563475335964
bkE_bin1=0.0
bkE_bin2=0.0
bkE_bin3=0.0
bkE_bin4=0.0
bkE_bin5=0.0



[stat_results]
chi2=69.174
reduced_chi2=0.922
n_datapoints=90
n_variables=15
