[pk_to_xi]
b1E_bin1=2.16084079581727
b2E_bin1=0.284903834097463
b1E_bin2=2.4139558891673665
b2E_bin2=-0.007948203275940813
b1E_bin3=2.6965333356146037
b2E_bin3=0.461016028299416
b1E_bin4=2.999617641619245
b2E_bin4=1.7179713076593925
b1E_bin5=3.346263380699063
b2E_bin5=2.8223438589169136
bkE_bin1=0.0
bkE_bin2=0.0
bkE_bin3=0.0
bkE_bin4=0.0
bkE_bin5=0.0



[stat_results]
chi2=242.782
reduced_chi2=2.207
n_datapoints=120
n_variables=10
