[pk_to_xi]
b1E_bin1=3.056100583665729
b2E_bin1=1.2361874249007014
b1E_bin2=3.498732280100185
b2E_bin2=0.9815840693678455
b1E_bin3=3.996539570065004
b2E_bin3=1.178593790225114
b1E_bin4=4.387660560533819
b2E_bin4=4.2342983938818115
b1E_bin5=4.937409854138941
b2E_bin5=5.306177995288916
bkE_bin1=0.0
bkE_bin2=0.0
bkE_bin3=0.0
bkE_bin4=0.0
bkE_bin5=0.0



[stat_results]
chi2=227.718
reduced_chi2=2.07
n_datapoints=120
n_variables=10
