[pk_to_xi]
b1E_bin1=1.0159214291645988
b2E_bin1=-0.6148713386011275
b1E_bin2=1.0733013413814099
b2E_bin2=-0.5833439580013255
b1E_bin3=1.1625682432362514
b2E_bin3=-0.6424401096043901
b1E_bin4=1.258392999500952
b2E_bin4=-0.6719257216621841
b1E_bin5=1.3828280494041143
b2E_bin5=-0.6210205240820583
bkE_bin1=0.0
bkE_bin2=0.0
bkE_bin3=0.0
bkE_bin4=0.0
bkE_bin5=0.0



[stat_results]
chi2=195.008
reduced_chi2=2.438
n_datapoints=90
n_variables=10
