[pk_to_xi]
b1E_bin1=1.2511240760115423
b2E_bin1=0.8008369678349911
b3nlE_bin1=-2.3958492928907154
b1E_bin2=1.2699222245728663
b2E_bin2=-0.7522782143777409
b3nlE_bin2=1.4509233226508549
b1E_bin3=1.421760278743455
b2E_bin3=-0.7216694282546303
b3nlE_bin3=1.6003029142377976
b1E_bin4=1.5472101272780494
b2E_bin4=-0.7604488818125734
b3nlE_bin4=2.242614509702678
b1E_bin5=1.7084535126624758
b2E_bin5=-0.5811905119773471
b3nlE_bin5=3.37548174396235
bkE_bin1=0.0
bkE_bin2=0.0
bkE_bin3=0.0
bkE_bin4=0.0
bkE_bin5=0.0



[stat_results]
chi2=91.806
reduced_chi2=1.224
n_datapoints=90
n_variables=15
