[pk_to_xi]
b1E_bin1=1.0569032105610372
b1E_bin2=1.1021157786484155
b1E_bin3=1.2221216356400704
b1E_bin4=1.3056871940250294
b1E_bin5=1.4444244232158387
bkE_bin1=0.0
bkE_bin2=0.0
bkE_bin3=0.0
bkE_bin4=0.0
bkE_bin5=0.0



[stat_results]
chi2=3684.665
reduced_chi2=32.041
n_datapoints=120
n_variables=5
