[pk_to_xi]
b1E_bin1=1.2037558026593629
b2E_bin1=-0.5853009320960734
b1E_bin2=1.295623934315807
b2E_bin2=-0.7165640369544599
b1E_bin3=1.438720863649791
b2E_bin3=-0.6976534722787706
b1E_bin4=1.572313280525211
b2E_bin4=-0.7284284189080434
b1E_bin5=1.7396064938848113
b2E_bin5=0.9507672095047646
bkE_bin1=0.0
bkE_bin2=0.0
bkE_bin3=0.0
bkE_bin4=0.0
bkE_bin5=0.0



[stat_results]
chi2=172.648
reduced_chi2=2.158
n_datapoints=90
n_variables=10
