[pk_to_xi]
b1E_bin1=1.0462366480215008
b2E_bin1=-0.4985494334459677
b1E_bin2=1.1028687820655774
b2E_bin2=-0.46372195314758535
b1E_bin3=1.1880353162757866
b2E_bin3=-0.5286750013858352
b1E_bin4=1.2785470585575487
b2E_bin4=-0.546647209202952
b1E_bin5=1.4096148996194051
b2E_bin5=-0.5446618169549469
bkE_bin1=0.0
bkE_bin2=0.0
bkE_bin3=0.0
bkE_bin4=0.0
bkE_bin5=0.0



[stat_results]
chi2=2306.468
reduced_chi2=20.968
n_datapoints=120
n_variables=10
