[pk_to_xi]
b1E_bin1=1.0389388853024064
b1E_bin2=1.1076989342165064
b1E_bin3=1.1981185895739423
b1E_bin4=1.280952099869129
b1E_bin5=1.4186965949047818
bkE_bin1=0.0
bkE_bin2=0.0
bkE_bin3=0.0
bkE_bin4=0.0
bkE_bin5=0.0



[stat_results]
chi2=1221.384
reduced_chi2=14.369
n_datapoints=90
n_variables=5
