[pk_to_xi]
b1E_bin1=1.0054145776893144
b2E_bin1=-0.5189542954445301
b1E_bin2=1.0730146582364493
b2E_bin2=-0.5022111259845978
b1E_bin3=1.158074459833811
b2E_bin3=-0.6267096887052483
b1E_bin4=1.2626214059138992
b2E_bin4=0.44962446046837545
b1E_bin5=1.3836196099647853
b2E_bin5=0.5111045541775869
bkE_bin1=0.0
bkE_bin2=0.0
bkE_bin3=0.0
bkE_bin4=0.0
bkE_bin5=0.0



[stat_results]
chi2=130.917
reduced_chi2=1.636
n_datapoints=90
n_variables=10
