[pk_to_xi]
b1E_bin1=1.5922524021651214
b2E_bin1=-0.35323362150964677
b1E_bin2=1.7024817498549605
b2E_bin2=0.20524104158138545
b1E_bin3=1.905150949092315
b2E_bin3=0.575132947476245
b1E_bin4=2.114084152265434
b2E_bin4=0.6247882558620921
b1E_bin5=2.346715053105688
b2E_bin5=1.1274011299487956
bkE_bin1=0.0
bkE_bin2=0.0
bkE_bin3=0.0
bkE_bin4=0.0
bkE_bin5=0.0



[stat_results]
chi2=334.922
reduced_chi2=3.045
n_datapoints=120
n_variables=10
