[pk_to_xi]
b1E_bin1=2.157193145250157
b2E_bin1=0.10207141947985221
b1E_bin2=2.4099216846913913
b2E_bin2=-0.2793121716745457
b1E_bin3=2.7285414127756793
b2E_bin3=0.8860747156690083
b1E_bin4=3.0218930800642445
b2E_bin4=1.8729339044299103
b1E_bin5=3.420495050587547
b2E_bin5=2.802559326058134
bkE_bin1=0.0
bkE_bin2=0.0
bkE_bin3=0.0
bkE_bin4=0.0
bkE_bin5=0.0



[stat_results]
chi2=70.981
reduced_chi2=0.887
n_datapoints=90
n_variables=10
