[pk_to_xi]
b1E_bin1=1.248357436636304
b2E_bin1=-0.34589845266406716
b1E_bin2=1.329456937505304
b2E_bin2=-0.435092308273167
b1E_bin3=1.4797819331597246
b2E_bin3=0.1309806060885741
b1E_bin4=1.6003339814511188
b2E_bin4=0.34512164850332816
b1E_bin5=1.7530053288478276
b2E_bin5=0.5921214474358134
bkE_bin1=0.0
bkE_bin2=0.0
bkE_bin3=0.0
bkE_bin4=0.0
bkE_bin5=0.0



[stat_results]
chi2=1332.913
reduced_chi2=12.117
n_datapoints=120
n_variables=10
